dimwishlist:item=8293111&perks=1482024992,106909392,671806388,3038247973
dimwishlist:item=1937552980&perks=1392496348,106909392,3038247973,3108830275,120721526
dimwishlist:item=3832743906&perks=1482024992,106909392,3700496672,3891536761
dimwishlist:item=4039572196&perks=1482024992,1885400500,2846385770,365154968
dimwishlist:item=1621657423&perks=852209214,3429800428,588594999,4082225868
dimwishlist:item=484515708&perks=1482024992,1885400500,1523832109,365154968
dimwishlist:item=1392919471&perks=1482024992,106909392,1523832109,4293542123
dimwishlist:item=2850664015&perks=1482024992,106909392,1168162263,4293542123
dimwishlist:item=3281285075&perks=1482024992,106909392,2173046394,4104185692
dimwishlist:item=2534546147&perks=2713678205,1431678320,1631667848,1546637391,3363267119
dimwishlist:item=1403800851&perks=1840239774,2420895100,957782887,588594999,3989629871
dimwishlist:item=540880995&perks=1482024992,106909392,1359896290,2173046394
dimwishlist:item=213264394&perks=1482024992,1885400500,1354429876,3891536761
dimwishlist:item=213264394&perks=3250034553,1885400500,1195158366,2846385770
dimwishlist:item=1028124540&perks=1482024992,106909392,2779035018,2048641572
dimwishlist:item=4248569242&perks=3250034553,791862061,1523832109,469285294,766321425
dimwishlist:item=2171478765&perks=1482024992,106909392,3038247973,4104185692
dimwishlist:item=1216319404&perks=1482024992,106909392,3038247973,4104185692
dimwishlist:item=235827225&perks=1926090093,1885400500,2846385770,588594999
dimwishlist:item=882778888&perks=3250034553,3142289711,588594999,2846385770,862848869
dimwishlist:item=2306182339&perks=3798852852,3032599245,3300816228,1556840489,2437618208
